10275454
1046410
10660263
10717307
10821196
10970941
11483456
11890437
11988285
12027064
12033957
1205528
12258570
12523848
12537029
12903487
13580962
13638275
13652092
13683724
13808243
13864739
14197094
14545824
14734658
14835792
15016830
1510081
15238185
15567692
1572648
15759219
16311522
16424478
16499262
16586305
16673567
16679228
16702530
16727930
16928473
17013674
17622316
17804881
17850355
18202591
18393263
18538373
19228041
19494504
19717301
1977869
20065945
2008307
20140392
20490980
20516952
20531823
20561148
20853729
21036104
21054346
21449715
21486291
21551146
21579574
2169345
2179726
21847354
22142138
22169224
22434543
22967021
23019865
23210871
23228875
23336796
2334155
23421514
23548211
23921522
2397149
241237
24139913
24209249
2446270
24962191
24990971
25609463
25813623
25897565
25971965
25972164
26095343
26120047
26310287
2641263
2688459
27059708
2715455
27206755
27240302
27407491
27522970
27549853
27608990
27707446
27894425
27985889
28479347
28529585
2862690
28875173
29380729
29707055
30020223
30163053
30233832
30401934
30422785
30950598
31339344
31545319
31580910
31862771
31948955
32581607
33148918
33340021
33553874
34468842
34668903
34693261
34865916
35056598
35119598
35225711
35279409
35313006
35605133
35889805
36103450
3613726
36237792
3659389
36758340
3692783
36987944
37115690
37336265
37376530
37562801
37736832
38088396
3843349
38483995
38497792
38619669
39109299
39261608
39563487
39591374
39700696
39892296
39981118
40032203
40055249
4019678
4038134
40411897
40467408
40664280
41415584
41980911
42248841
42508051
42649436
43007514
43453371
43460963
43612014
44045523
44096308
44219312
44359506
44481973
44487965
44578471
4512334
45335724
45336587
45404254
45428163
45512732
45628901
45776090
46093593
46231859
46356389
46722721
47188527
47244319
47378506
47723543
47881654
47955629
47967250
48124889
48176096
48445891
48458767
48616634
4875607
48820805
48834683
48906917
49157052
4957443
49664047
49729824
49734492
49935829
501710
50200814
50247786
50582974
50838151
5084936
51061176
51128904
51144983
51760166
51768144
52188329
52198972
5231493
52327362
52333018
52906278
52919144
53062058
53090035
53357669
53563795
53671047
53801446
54368372
54581252
55554874
55759784
55872810
56194158
56332539
56482753
56543997
56602073
5683214
56850838
56913560
56929573
57148621
57330004
57537178
57631301
57644015
57937474
58036870
58557682
58622510
58699517
58821642
58928973
58992359
59516015
59740752
59873078
59925416
60338644
6037801
60490544
60490939
60495098
60551466
6061433
60777217
60826063
61096881
611098
61395485
61447717
61458538
6159119
61591988
61827489
61844728
62007740
62015119
62254231
62505480
62568369
62624760
62635203
62866182
62992153
63015011
63712564
64412034
64487594
64587075
64829083
64884146
65334064
65337401
65691239
66042107
66062152
66490030
66807516
66813482
66855423
67001977
67247190
67340145
67376635
6743026
67745192
67794817
67972537
68022723
68221376
68361628
68495518
68841706
68948980
69038784
69281154
69623438
69729864
69744843
69848625
70279911
70478201
70728065
71074636
71210664
71310241
71696634
72067408
72273542
73001158
73150955
73157340
73415420
73760326
73858089
74030494
74355704
74475989
7453510
74683839
7472902
74778309
75397367
75557890
76213658
76243926
76280712
76290288
76570944
76811915
76843049
77041635
77079084
77134637
77296058
77364706
7754918
77709575
77897053
7810128
78123802
78237713
78286780
78479599
78549469
78659403
78667333
78932767
78945888
7919446
79346651
79491025
79609315
79828958
80324892
80655297
80830948
80928975
81221764
81252269
81286793
81343770
81453003
82139224
82486515
8255184
82632558
82725851
82845016
82861830
8333806
83859907
84135498
84268913
84472378
85403529
85529302
85545850
85727241
85812530
85950196
86248321
86455649
86539970
86637289
87336926
87552766
87567338
87738604
87912253
88224125
88244128
88548297
88777432
88796509
88979504
89118007
8921768
89280061
89536003
89976120
90263952
91398447
91401977
91838549
91989362
92009749
92082814
92132936
92430157
92838896
92859954
92999049
93405106
93436179
93458219
9349189
93555774
93582820
93858042
93862532
94058047
94080555
94182215
94256978
9426606
9434232
94365633
94369961
94454497
94515096
94522651
94737121
94747594
94757855
9485510
94976202
95627815
95770796
95969397
96041995
96050889
96279925
96584765
96783785
97504218
97563703
97577776
97658665
98402983
98414206
985497
9890738
98990667
99119814
99425227
99635566
99653281
99771734
99916785